[Yukari, Asagi, Sol, Sag]		[X]-->[Y]


5x5 tüm matrislerin analizi sonucu en kısa yol için indislerde seçilen yönler:

[0,61098,0,0]				[0,276650,61098,0]			    [X] [0,1223953,337748,793299]			[0,631499,0,161800]				[0,161800,0,0]				
[0,89734,0,0]				[0,326776,28636,0]				[0,822631,78762,322560]				[0,846867,0,107192]				[0,268992,0,0]				
[0,71016,0,28618]			[0,243592,9900,130606]				[0,619724,28704,337609]				[0,1132935,32668,67025]				[0,287865,48152,0]				
[0,30284,0,40732]			[0,124046,0,160278]				[132,390923,0,388947]				[0,1625218,0,0]					[0,184529,103336,0]				
[0,0,0,30284]				[0,0,0,154330]					[0,0,0,545253]				    [Y] [0,0,0,0]					[0,0,184529,0]
